﻿Date,Total,Daily Cases,Total Deaths,Daily Deaths
01-02-2020,2,2,0,0
02-02-2020,2,0,0,0
03-02-2020,2,0,0,0
04-02-2020,2,0,0,0
05-02-2020,2,0,0,0
06-02-2020,2,0,0,0
07-02-2020,2,0,0,0
08-02-2020,2,0,0,0
09-02-2020,2,0,0,0
10-02-2020,2,0,0,0
11-02-2020,2,0,0,0
12-02-2020,2,0,0,0
13-02-2020,2,0,0,0
14-02-2020,2,0,0,0
15-02-2020,2,0,0,0
16-02-2020,2,0,0,0
17-02-2020,2,0,0,0
18-02-2020,2,0,0,0
19-02-2020,2,0,0,0
20-02-2020,2,0,0,0
21-02-2020,2,0,0,0
22-02-2020,2,0,0,0
23-02-2020,2,0,0,0
24-02-2020,2,0,0,0
25-02-2020,2,0,0,0
26-02-2020,2,0,0,0
27-02-2020,2,0,0,0
28-02-2020,2,0,0,0
29-02-2020,2,0,0,0
01-03-2020,2,0,0,0
02-03-2020,3,1,0,0
03-03-2020,4,1,0,0
04-03-2020,4,0,0,0
05-03-2020,4,0,0,0
06-03-2020,10,6,0,0
07-03-2020,10,0,0,0
08-03-2020,10,0,0,0
09-03-2020,10,0,0,0
10-03-2020,10,0,0,0
11-03-2020,25,15,0,0
12-03-2020,30,5,0,0
13-03-2020,45,15,0,0
14-03-2020,59,14,0,0
15-03-2020,63,4,0,0
16-03-2020,93,30,0,0
17-03-2020,114,21,0,0
18-03-2020,147,33,0,0
19-03-2020,199,52,0,0
20-03-2020,253,54,0,0
21-03-2020,306,53,0,0
22-03-2020,438,132,0,0
23-03-2020,438,0,0,0
24-03-2020,495,57,0,0
25-03-2020,658,163,0,0
26-03-2020,840,182,2,2
27-03-2020,1036,196,4,2
28-03-2020,1264,228,5,1
29-03-2020,1534,270,8,3
30-03-2020,1836,302,10,2
31-03-2020,2337,501,17,7
01-04-2020,2777,440,24,7
02-04-2020,3548,771,30,6
03-04-2020,4149,601,34,4
04-04-2020,4731,582,43,9
05-04-2020,5389,658,45,2
06-04-2020,6343,954,47,2
07-04-2020,7497,1154,58,11
08-04-2020,8672,1175,63,5
09-04-2020,10131,1459,76,13
10-04-2020,11917,1786,94,18
11-04-2020,13584,1667,106,12
12-04-2020,15770,2186,130,24
13-04-2020,18328,2558,148,18
14-04-2020,21102,2774,170,22
15-04-2020,24490,3388,198,28
16-04-2020,27938,3448,232,34
17-04-2020,32008,4070,273,41
18-04-2020,36793,4785,313,40
19-04-2020,42853,6060,361,48
20-04-2020,47121,4268,405,44
21-04-2020,52763,5642,456,51
22-04-2020,57999,5236,513,57
23-04-2020,62773,4774,555,42
24-04-2020,68622,5849,615,60
25-04-2020,74588,5966,681,66
26-04-2020,80949,6361,747,66
27-04-2020,87147,6198,795,48
28-04-2020,93558,6411,867,72
29-04-2020,99399,5841,972,105
30-04-2020,106498,7099,1073,101
01-05-2020,114431,7933,1169,96
02-05-2020,124054,9623,1222,53
03-05-2020,134687,10633,1280,58
04-05-2020,145268,10581,1356,76
05-05-2020,155370,10102,1451,95
06-05-2020,165929,10559,1537,86
07-05-2020,177160,11231,1625,88
08-05-2020,187859,10699,1723,98
09-05-2020,198676,10817,1827,104
10-05-2020,209688,11012,1915,88
11-05-2020,221344,11656,2009,94
12-05-2020,232243,10899,2116,107
13-05-2020,242271,10028,2212,96
14-05-2020,252245,9974,2305,93
15-05-2020,262843,10598,2418,113
16-05-2020,272043,9200,2537,119
17-05-2020,281752,9709,2631,94
18-05-2020,290678,8926,2722,91
19-05-2020,299941,9263,2837,115
20-05-2020,308705,8764,2972,135
21-05-2020,317554,8849,3099,127
22-05-2020,326448,8894,3249,150
23-05-2020,335882,9434,3388,139
24-05-2020,344481,8599,3541,153
25-05-2020,353427,8946,3633,92
26-05-2020,362342,8915,3807,174
27-05-2020,370680,8338,3968,161
28-05-2020,379051,8371,4142,174
29-05-2020,387623,8572,4374,232
30-05-2020,396575,8952,4555,181
31-05-2020,405843,9268,4693,138
01-06-2020,414878,9035,4855,162
02-06-2020,423741,8863,5037,182
03-06-2020,432277,8536,5215,178
04-06-2020,441108,8831,5384,169
05-06-2020,449834,8726,5528,144
06-06-2020,458689,8855,5725,197
07-06-2020,467673,8984,5859,134
08-06-2020,476658,8985,5971,112
09-06-2020,485253,8595,6141,170
10-06-2020,493657,8404,6358,217
11-06-2020,502436,8779,6532,174
12-06-2020,511423,8987,6715,183
13-06-2020,520129,8706,6829,114
14-06-2020,528964,8835,6948,119
15-06-2020,537210,8246,7091,143
16-06-2020,545458,8248,7284,193
17-06-2020,553301,7843,7478,194
18-06-2020,561091,7790,7790,312
19-06-2020,569063,7972,7972,182
20-06-2020,576952,7889,8002,30
21-06-2020,584680,7728,8111,109
22-06-2020,592280,7600,8206,95
23-06-2020,599705,7425,8359,153
24-06-2020,606881,7176,8513,154
25-06-2020,613994,7113,8605,92
26-06-2020,620794,6800,8781,176
27-06-2020,627646,6852,8969,188
28-06-2020,634437,6791,9073,104
29-06-2020,641156,6719,9166,93
30-06-2020,647849,6693,9320,154
01-07-2020,654405,6556,9536,216
02-07-2020,661165,6760,9683,147
03-07-2020,667883,6718,9859,176
04-07-2020,674515,6632,10027,168
05-07-2020,681251,6736,10161,134
06-07-2020,687862,6611,10296,135
07-07-2020,694230,6368,10494,198
08-07-2020,700792,6562,10667,173
09-07-2020,707301,6509,10843,176
10-07-2020,713936,6635,11017,174
11-07-2020,720547,6611,11205,188
12-07-2020,727162,6615,11335,130
13-07-2020,733699,6537,11439,104
14-07-2020,739947,6248,11614,175
15-07-2020,746369,6422,11770,156
16-07-2020,752797,6428,11937,167
17-07-2020,765437,12640,12247,310
18-07-2020,771546,6109,12342,95
19-07-2020,771546,0,12342,0
20-07-2020,777486,5940,12427,85
21-07-2020,783328,5842,12580,153
22-07-2020,789190,5862,12745,165
23-07-2020,795038,5848,12892,147
24-07-2020,800849,5811,13046,154
25-07-2020,806720,5871,13192,146
26-07-2020,812485,5765,13269,77
27-07-2020,818120,5635,13354,85
28-07-2020,823515,5395,13504,150
29-07-2020,828990,5475,13673,169
30-07-2020,834499,5509,13802,129
31-07-2020,839981,5482,13963,161
01-08-2020,845443,5462,14058,95
02-08-2020,850870,5427,14128,70
03-08-2020,856264,5394,14207,79
04-08-2020,861423,5159,14351,144
05-08-2020,867343,5920,14532,181
06-08-2020,871894,4551,14606,74
07-08-2020,877135,5241,14725,119
08-08-2020,882347,5212,14854,129
09-08-2020,887536,5189,14931,77
10-08-2020,892654,5118,15001,70
